shape_id,shape_pt_lat,shape_pt_lon,shape_pt_sequence
160,50.08782019705702,118.01688249478289,0
160,50.08818065151557,118.01609703194119,1
160,50.08851920223252,118.01560190560451,2
160,50.08927546745427,118.01447887532987,3
160,50.08975144583994,118.01397205113237,4
160,50.09069867588879,118.01298778385029,5
160,50.0912311900331,118.01271600855596,6
160,50.091650847854616,118.01289527719263,7
160,50.09193004813206,118.01334082882431,8
160,50.09183285275872,118.01423128448323,9
160,50.0919180971687,118.0202149421755,10
160,50.09187679659066,118.02249624651205,11
160,50.091600081632336,118.02317064979684,12
160,50.09187679659066,118.02415627939082,13
160,50.09188780625967,118.02659155720785,14
160,50.09008862581168,118.02642761279641,15
160,50.085232116764345,118.02633435780375,16
160,50.08445821258111,118.02635461505146,17
160,50.0844433238798,118.02810401700064,18
160,50.08442337794125,118.02839543885275,19
160,50.084883067385356,118.02970189920632,20
160,50.08482117837977,118.03264768842762,21
160,50.084792320280414,118.03905617626967,22
160,50.08471459301449,118.03934456258925,23
160,50.08477818091375,118.03955565518895,24
160,50.08476286326184,118.04258007349792,25
160,50.086863434418696,118.04269190683816,26
160,50.08830031764131,118.04259181152753,27
160,50.09012104711074,118.0451158080931,28
160,50.09078585781304,118.04594971988345,29
160,50.090910739752594,118.04622516781687,30
160,50.0909571315267,118.04649174724318,31
160,50.09100499005753,118.04664017603656,32
160,50.09107921204219,118.04668608402545,33
160,50.09117817450959,118.04666404819079,34
160,50.09147506068561,118.04687338862021,35
160,50.092063000073395,118.04771047445857,36
160,50.09275919002541,118.04801190674505,37
160,50.09563262178473,118.04820783441953,38
160,50.09803216214288,118.04822855775159,39
160,50.09919533097974,118.04831663191102,40
160,50.10104747585502,118.04830204523495,41
160,50.10108957406879,118.04670021203795,42
160,50.10123579322832,118.0338051188838,43
160,50.10118147972898,118.03234669355908,44
160,50.09876814233109,118.0321417072371,45
160,50.092888779148154,118.03215712369708,46
160,50.092704998106555,118.03246929802164,47
160,50.09262149806634,118.03487309902121,48
160,50.092621394198936,118.04049875502515,49
160,50.09261692790275,118.0415120126147,50
160,50.09257776466487,118.04234869723378,51
160,50.09241043914734,118.04282567756337,52
160,50.09231591934977,118.04377053196862,53
160,50.092049704895864,118.04447763471272,54
160,50.091158919598314,118.04617694791263,55
160,50.09101266968344,118.0461355012492,56
160,50.0896167291784,118.04418046537361,57
160,50.08836208589248,118.04251809387547,58
160,50.0864954257236,118.042409915721,59
160,50.084814707602376,118.04250478439617,60
160,50.08489690994266,118.04079147208498,61
160,50.08483709491396,118.04035445419571,62
160,50.08488649556131,118.03354939620841,63
160,50.08487727584525,118.031939533327,64
160,50.08489127423027,118.02971007520789,65
160,50.084918396115306,118.02859282743844,66
160,50.08488304778384,118.02849917514106,67
160,50.08480763792292,118.02842021340015,68
160,50.08460615161883,118.02840735916327,69
160,50.084547237334796,118.02839083228727,70
160,50.08448714469048,118.028267798877,71
160,50.08445994548893,118.02814675887228,72
160,50.08445911440862,118.02802371409028,73
160,50.08446929514155,118.02653131040528,74
160,50.08748934526163,118.02672105841118,75
160,50.09054410604851,118.02675732424171,76
160,50.09197830973954,118.02677348527878,77
160,50.09203477378385,118.02324496236912,78
160,50.09203318978742,118.01505900349369,79
160,50.09203872912209,118.0133649599253,80
160,50.09170243655288,118.01270866327773,81
160,50.091227877925895,118.01251005331346,82
160,50.09058716848926,118.01290642162182,83
160,50.089334400549106,118.01421842119913,84
160,50.088410011327426,118.0155167786534,85
160,50.087169502375126,118.01738082614997,86
170,50.08782019705702,118.01688249478289,0
170,50.088403973600606,118.01573685624503,1
170,50.08928054013178,118.0144808136686,2
170,50.089912035116356,118.01385646501953,3
170,50.09070374841566,118.01301910330189,4
170,50.09118883429863,118.01265695887798,5
170,50.09162268495092,118.01287954301561,6
170,50.0918668958307,118.01340299881942,7
170,50.09183285275872,118.01423128448323,8
170,50.09189129384068,118.0225165480464,9
170,50.091600081632336,118.02317064979684,10
170,50.09192274271126,118.02354845761744,11
170,50.091842631498125,118.02658205752424,12
170,50.09008862581168,118.02642761279641,13
170,50.085232116764345,118.02633435780375,14
170,50.08444508634133,118.02641689078366,15
170,50.084422546860296,118.02838766760338,16
170,50.08488753440238,118.02970877999964,17
170,50.08482117837977,118.03264768842762,18
170,50.084826554389664,118.03734880860586,19
170,50.08471459301449,118.03934456258925,20
170,50.08476793641699,118.04260588399086,21
170,50.086863434418696,118.04269190683816,22
170,50.087983357355114,118.042642610382,23
170,50.08834270759844,118.04269402732956,24
170,50.0899390486893,118.04476776135665,25
170,50.09012104711074,118.0451158080931,26
170,50.090780327133274,118.04595165822215,27
170,50.09091463412715,118.04622526983604,28
170,50.090951156139354,118.04648969985215,29
170,50.091081928277326,118.04666231389041,30
170,50.09118324698572,118.04665680493174,31
170,50.09125746869431,118.04653744416059,32
170,50.091333421753724,118.04621118998008,33
170,50.09159902995302,118.0459551030272,34
170,50.091834488696456,118.04540540855898,35
170,50.092092498735425,118.0448866776622,36
170,50.09230283197848,118.04440218883293,37
170,50.092587948900714,118.04332829930792,38
170,50.09276930107865,118.04172329345747,39
170,50.092880308835475,118.04090294094343,40
170,50.09277250892429,118.04040964580165,41
170,50.0928412808715,118.03512882169687,42
170,50.092899939654465,118.03377767665927,43
170,50.09282746657768,118.03231303900131,44
170,50.093425840070196,118.03247178295968,45
170,50.09429456953641,118.03239227461945,46
170,50.09758360761538,118.0326738354438,47
170,50.09944942493528,118.03248776323633,48
170,50.10113617673765,118.03251347171015,49
170,50.10105966554934,118.03429729801182,50
170,50.100932826737846,118.04155754727891,51
170,50.10085362857475,118.04758613446839,52
170,50.100900600445065,118.04810749738112,53
170,50.098042132281485,118.04814566442444,54
170,50.09532353097972,118.04801614360126,55
170,50.09282905693249,118.04791652014728,56
170,50.09212220203365,118.04751987512316,57
170,50.09147895501432,118.04686798168073,58
170,50.09132933404862,118.04655947999531,59
170,50.091251578086705,118.04626383254674,60
170,50.09112316266125,118.04613345385825,61
170,50.090998281275255,118.04619221608405,62
170,50.09089799614252,118.04656745319454,63
170,50.09066933638679,118.04679439796134,64
170,50.08940222917255,118.04937546464072,65
170,50.0891230141675,118.05023548290654,66
170,50.08893364979161,118.05100653655677,67
170,50.08884379753571,118.05195551943814,68
170,50.08879061323094,118.05578933580378,69
170,50.088542050910554,118.05640296895642,70
170,50.08853026902708,118.05683634037167,71
170,50.08864573136014,118.05704200816199,72
170,50.08883050146506,118.05802745562804,73
170,50.08871148062064,118.06078728391645,74
170,50.088383587741134,118.06888599573854,75
170,50.087825478035654,118.08322710889284,76
170,50.08654509362289,118.08307751138189,77
170,50.087673905801765,118.08356788925407,78
170,50.08826848137555,118.08341808612668,79
170,50.08852297080407,118.0726131818582,80
170,50.088882815768685,118.0664118242141,81
170,50.08884602250258,118.05816216309125,82
170,50.08902016384408,118.05706690049564,83
170,50.08914740673155,118.05682450631424,84
170,50.089142923126616,118.056454385904,85
170,50.08904608371893,118.0562221934998,86
170,50.088888207900254,118.05568598818942,87
170,50.088939259059806,118.05319511466611,88
170,50.08894486832734,118.0520469125688,89
170,50.08898413318166,118.05154566698319,90
170,50.08904770478238,118.05117264701246,91
170,50.08916362924895,118.05061020283789,92
170,50.08950859636562,118.04953088962856,93
170,50.091070733446024,118.0466818362713,94
170,50.09120445319989,118.04667333180774,95
170,50.09130459352898,118.04673209403354,96
170,50.09144361152126,118.04685329112424,97
170,50.09192469888612,118.04748616058264,98
170,50.092838481594036,118.04807077099002,99
170,50.09563262178473,118.04820783441953,100
170,50.09919533097974,118.04831663191102,101
170,50.10107963853308,118.04830581989319,102
170,50.10108957406879,118.04670021203795,103
170,50.10123579322832,118.0338051188838,104
170,50.1012115609066,118.03234085767185,105
170,50.09876814233109,118.0321417072371,106
170,50.09276779658725,118.03212049932512,107
170,50.09271360467811,118.03254652546217,108
170,50.09268620738129,118.03611253234882,109
170,50.09261786270897,118.04156592565732,110
170,50.09252251239305,118.04297932164006,111
170,50.09231591934977,118.04379093149826,112
170,50.09199808217943,118.04462876932308,113
170,50.09122448128246,118.04603796524131,114
170,50.09099771228056,118.04614262489459,115
170,50.08837923157068,118.04253243120863,116
170,50.0864954257236,118.042409915721,117
170,50.08482449387064,118.04249203217837,118
170,50.08489690994266,118.04079147208498,119
170,50.08488649556131,118.03354939620841,120
170,50.08493996513131,118.02844418757365,121
170,50.084535573737675,118.02834881135641,122
170,50.08444747928263,118.0281182642912,123
170,50.08448279157181,118.02659685010016,124
170,50.08524631610752,118.02671804719091,125
170,50.08748934526163,118.02672105841118,126
170,50.09054410604851,118.02675732424171,127
170,50.09179079475944,118.0267142725323,128
170,50.09188268712143,118.0268060885101,129
170,50.09203477378385,118.02324496236912,130
170,50.09208921521709,118.01740423440202,131
170,50.09203318978742,118.01505900349369,132
170,50.091928386230414,118.01341012246478,133
170,50.09179233284594,118.0129970674672,134
170,50.091646247194475,118.01271060161646,135
170,50.091269249907334,118.01252696966083,136
170,50.09065662299013,118.01286485245917,137
170,50.08981307003428,118.01375363112437,138
170,50.08929684855168,118.0143482175014,139
170,50.08832856927915,118.01561933179345,140
170,50.087169502375126,118.01738082614997,141
180,50.08445443958159,118.0193566663073,0
180,50.0844589066382,118.0265734046728,1
180,50.08748934526163,118.02672105841118,2
180,50.09054410604851,118.02675732424171,3
180,50.09178551474915,118.02670486830836,4
180,50.09187826922396,118.02679047979554,5
180,50.0926720444163,118.03204316986829,6
180,50.09275686658142,118.03226026364693,7
180,50.092791423716754,118.03232065815676,8
180,50.093425840070196,118.03247178295968,9
180,50.09758360761538,118.0326738354438,10
180,50.101159260040575,118.03249644501112,11
180,50.10105966554934,118.03429729801182,12
180,50.100932826737846,118.04155754727891,13
180,50.10085362857475,118.04758613446839,14
180,50.100875701271114,118.05698385804199,15
180,50.13532351056372,118.05793139893298,16
180,50.13864734974506,118.05979709960202,17
180,50.14444703729682,118.05873937953764,18
180,50.14830682919621,118.06125880996875,19
180,50.148360269716406,118.06111377494267,20
180,50.144531767779846,118.0581811383926,21
180,50.13864734974506,118.05938576402144,22
180,50.135511836235,118.05744661057012,23
180,50.10095815314815,118.05685898831219,24
180,50.101031181835054,118.04825766751114,25
180,50.10108957406879,118.04670021203795,26
180,50.10123579322832,118.0338051188838,27
180,50.1011984277899,118.03231728459073,28
180,50.09876814233109,118.0321417072371,29
180,50.09286001094478,118.03217509501178,30
180,50.0927148487557,118.03100406918173,31
180,50.091956809571876,118.02675456954645,32
180,50.09188664686721,118.0266517356513,33
180,50.09181024615478,118.02659519232702,34
180,50.09008862581168,118.02642761279641,35
180,50.08552654698433,118.02643790644072,36
180,50.085232116764345,118.02633435780375,37
180,50.084477190402325,118.02641797968502,38
180,50.084524146400135,118.02553205725462,39
180,50.08457224508461,118.02116639600895,40
190,50.08445443958159,118.0193566663073,0
190,50.08446971068169,118.02666504065537,1
190,50.087069063931935,118.02659501378066,2
190,50.08748934526163,118.02672105841118,3
190,50.08825928632117,118.02663395565783,4
190,50.08928072202421,118.02671579662788,5
190,50.09042924216069,118.02666112128469,6
190,50.09054410604851,118.02675732424171,7
190,50.09071435162998,118.02666112128469,8
190,50.09185411994389,118.02673498189989,9
190,50.0924386911825,118.03048266691813,10
190,50.092704176405206,118.0322914252136,11
190,50.09271414765252,118.03293255328828,12
190,50.09259460939903,118.03488799391718,13
190,50.09268672671742,118.03558643495488,14
190,50.09265930576664,118.03785175415202,15
190,50.09261194226922,118.04167909447652,16
190,50.09253335723504,118.04258201183664,17
190,50.09241043914734,118.04282567756337,18
190,50.09245795941067,118.04304476436481,19
190,50.09231124528901,118.043789474389,20
190,50.092085955019655,118.04442295263968,21
190,50.09182919137434,118.0449663329684,22
190,50.091200987140375,118.04612424912747,23
190,50.09097164068543,118.04624858911774,24
190,50.09093424713763,118.04649532628595,25
190,50.09066933638679,118.04679439796134,26
190,50.089445960244454,118.04931046137732,27
190,50.089116885546154,118.05023524005468,28
190,50.088935519547746,118.05101527921232,29
190,50.088866338522145,118.05154858120171,30
190,50.08883268285196,118.05296294859048,31
190,50.088782822556404,118.05583053961533,32
190,50.0885512473238,118.05639480753813,33
190,50.088527683558496,118.05682817895338,34
190,50.088654927753495,118.05708159105214,35
190,50.08899188760097,118.05708526369122,36
190,50.08914740673152,118.05679879784049,37
190,50.08960052485313,118.05659989330493,38
190,50.09102648450277,118.05664652080125,39
190,50.09858934431046,118.05688742953232,40
190,50.10091230350911,118.05694959952744,41
190,50.112714784952345,118.05713610951278,42
190,50.125273070258,118.05782346415282,43
190,50.13329677209242,118.05780877359636,44
190,50.13545314802026,118.05787120846131,45
190,50.13780715925548,118.0593549546627,46
190,50.13842597316329,118.0597517165562,47
190,50.13968086940992,118.05982505246908,48
190,50.14303971132616,118.05865715323132,49
190,50.14380465636501,118.05859471836638,50
190,50.14467851544156,118.05862818939562,51
190,50.145362752730826,118.05901707186432,52
190,50.148184613766695,118.06120229213619,53
190,50.148360269716406,118.06111377494267,54
190,50.1481328379994,118.0609084810072,55
190,50.14544983516903,118.05898034547319,56
190,50.144647258587064,118.05853228350149,57
190,50.14439306730146,118.05846250335836,58
190,50.143376288650366,118.0584404675237,59
190,50.13974206976024,118.05946880647515,60
190,50.138805225054604,118.05942840744494,61
190,50.138042554008905,118.05916397742884,62
190,50.1355849757108,118.05759208788875,63
190,50.13255284693423,118.05736805690286,64
190,50.11017318644114,118.05681716103605,65
190,50.0995165663305,118.0566261838022,66
190,50.08955740929301,118.05653069518529,67
190,50.08913562499687,118.05644989712482,68
190,50.08903194560709,118.05625524725185,69
190,50.088897501158655,118.05569842837578,70
190,50.08894237531962,118.05206148366132,71
190,50.08904770478238,118.05112019107908,72
190,50.089146801521196,118.05068597251935,73
190,50.08939111461833,118.04984667758525,74
190,50.08960551079996,118.04936486012309,75
190,50.09066251981384,118.04745313277319,76
190,50.09106637087596,118.04667600783421,77
190,50.09126580224393,118.046652694086,78
190,50.09135056032399,118.04618641912262,79
190,50.09159902995302,118.0459551030272,80
190,50.09191893416407,118.04527718294402,81
190,50.09207473721929,118.04492456250298,82
190,50.0923056364155,118.04437668942091,83
190,50.092590753326604,118.043311785403,84
190,50.092641856062514,118.04289140938134,85
190,50.09276649666687,118.04176457821984,86
190,50.092880308835475,118.04090294094343,87
190,50.092787824016426,118.04051798865552,88
190,50.09281019870192,118.03776869892398,89
190,50.09282552268392,118.03421573993877,90
190,50.092899939654465,118.03377767665927,91
190,50.09283629526369,118.03224479771737,92
190,50.0927148487557,118.03100406918173,93
190,50.09256634374588,118.0306459347216,94
190,50.091923919869664,118.02672721065062,95
190,50.091844148517616,118.02660287066034,96
190,50.09013706210177,118.02655094211131,97
190,50.09008862581168,118.02642761279641,98
190,50.090005109233196,118.02654359683308,99
190,50.085542060769306,118.02642607238148,100
190,50.085232116764345,118.02633435780375,101
190,50.08451684217922,118.02643062526029,102
190,50.084524146400135,118.02553205725462,103
190,50.084546761055016,118.02120834567036,104
200,50.08445443958159,118.0193566663073,0
200,50.084456869229,118.0259706651316,1
200,50.08444041509768,118.02824576135153,2
200,50.084429195507575,118.02840312915167,3
200,50.0848891965482,118.02973201279733,4
200,50.08482117837977,118.03264768842762,5
200,50.084801544251334,118.03407492694835,6
200,50.084821879598486,118.03699715957059,7
200,50.08471459301449,118.03934456258925,8
200,50.084756742746364,118.04255997600198,9
200,50.086594826259834,118.04258935711489,10
200,50.086863434418696,118.04269190683816,11
200,50.0870496232252,118.04260037503221,12
200,50.08786226752988,118.04260120178677,13
200,50.08833345430218,118.04262742975347,14
200,50.09012104711074,118.0451158080931,15
200,50.09080330072469,118.0460122567676,16
200,50.09094467642954,118.04631708581394,17
200,50.0909423201712,118.0464896998522,18
200,50.09066933638679,118.04679439796134,19
200,50.09051543740871,118.04728726516876,20
200,50.089387998387664,118.04937675984844,21
200,50.0889168219831,118.05107283502778,22
200,50.08883829213197,118.05192961527298,23
200,50.08882426893072,118.05307927447957,24
200,50.08881024572537,118.05416336376946,25
200,50.08879622251593,118.0548234342645,26
200,50.08876256679651,118.05586818160434,27
200,50.088555370981524,118.05636909906441,28
200,50.08853180721825,118.05682817895347,29
200,50.08864020043338,118.05705955521753,30
200,50.08883813523716,118.05712566272156,31
200,50.089017218402844,118.05706322785664,32
200,50.08923654933425,118.05672933317736,33
200,50.08964164789066,118.05660782060671,34
200,50.09118737041697,118.05673269033653,35
200,50.09512763770849,118.05694203076591,36
200,50.09867100978498,118.05713790485188,37
200,50.10619666468845,118.05737295375506,38
200,50.114537578263324,118.05743171598087,39
200,50.132056301844315,118.05786263897005,40
200,50.134429313160375,118.05794098860446,41
200,50.13538350675731,118.05788222637865,42
200,50.13808276716342,118.059625505744,43
200,50.138955286213104,118.0598017924214,44
200,50.13988427974314,118.05964509315257,45
200,50.1412024616245,118.05929251979778,46
200,50.14303833833685,118.05867061957477,47
200,50.14411474983064,118.05858247623608,48
200,50.14463882479288,118.05863634160973,49
200,50.148360269716406,118.06111377494267,50
200,50.14833260830273,118.06096952112556,51
200,50.1451840045506,118.0588494271513,52
200,50.14460412342839,118.05852594889556,53
200,50.1441699083232,118.0584909782733,54
200,50.14380852629471,118.05850409225664,55
200,50.14363483783667,118.05850409225667,56
200,50.14303812913524,118.05859151881229,57
200,50.14141885393135,118.05905487955717,58
200,50.140118911681434,118.05947452702418,59
200,50.13987236692481,118.0595400969409,60
200,50.13945211725183,118.05960566685766,61
200,50.13887496835122,118.05963626615211,62
200,50.1384547099165,118.05950949764646,63
200,50.13839587344104,118.0595007549909,64
200,50.13751051583567,118.05899368096823,65
200,50.1358798459768,118.05789210636723,66
200,50.135498787964366,118.05766479732254,67
200,50.1342154967502,118.05768228263366,68
200,50.13142463984018,118.05734198759804,69
200,50.10590709431307,118.05700976668665,70
200,50.08968406167399,118.05656007629827,71
200,50.089120897824486,118.05641317073378,72
200,50.08903606922347,118.05625157461282,73
200,50.088899400606,118.0556786429113,74
200,50.08892523588808,118.05422893368606,75
200,50.08894206369362,118.05207824041744,76
200,50.08903181189009,118.05124768813891,77
200,50.089115950671626,118.0507930700496,78
200,50.08941884906209,118.04980514997091,79
200,50.08951981476683,118.04953412764846,80
200,50.09038362376801,118.0479167363692,81
200,50.091085888087854,118.04667016925477,82
200,50.091177192739856,118.04665364237874,83
200,50.09124964727539,118.04655723560207,84
200,50.09127851124683,118.0464342021918,85
200,50.0912791003073,118.046342386214,86
200,50.091254359761706,118.0462625063133,87
200,50.09117130212238,118.04615140898015,88
200,50.09110945059534,118.04613855474324,89
200,50.090930538877814,118.04610040010628,90
200,50.09042849653746,118.04539010891132,91
200,50.0896167291784,118.04418046537361,92
200,50.08854380404417,118.04281539684786,93
200,50.0884281265222,118.04263342878423,94
200,50.08825611032718,118.04253794016729,95
200,50.087544475124425,118.04252692224996,96
200,50.0864954257236,118.042409915721,97
200,50.084839222363236,118.04248652321974,98
200,50.08489690994266,118.04079147208498,99
200,50.08488649556131,118.03354939620841,100
200,50.08492641494674,118.0292650224153,101
200,50.08491934528373,118.02861129265334,102
200,50.08484864859613,118.02842766069769,103
200,50.08473072107839,118.02841187180694,104
200,50.084537183953266,118.02836378720136,105
200,50.08447547629981,118.02816707745117,106
200,50.084450232236854,118.02799659566769,107
200,50.084524146400135,118.02553205725462,108
200,50.08457224508461,118.02116639600895,109
230,50.09259460939903,118.03488799391718,0
230,50.092605827077755,118.04231925114611,1
230,50.09241043914734,118.04282567756337,2
230,50.09233660206351,118.043683105414,3
230,50.09192154386976,118.0448283932928,4
230,50.09155135379905,118.04548409246006,5
230,50.09116713835288,118.04611793498842,6
230,50.091074589646354,118.04615290561067,7
230,50.090990454303494,118.04623158951074,8
230,50.09093716850996,118.04639769996646,9
230,50.09093716850996,118.04651572581656,10
230,50.09066933638679,118.04679439796134,11
230,50.09026688425728,118.04773532626764,12
230,50.08940307315191,118.04938331684134,13
230,50.08904969139392,118.05047614878679,14
230,50.08885897634669,118.05137664230982,15
230,50.08879166497236,118.05383332852315,16
230,50.08878325104392,118.05569988548594,17
230,50.08867386983979,118.05613264693633,18
230,50.08855046510465,118.05644301120883,19
230,50.08850559057674,118.05667469158125,20
230,50.08861777681775,118.0570724824094,21
230,50.0887103302689,118.05735661871519,22
230,50.08880288354131,118.05782435078784,23
230,50.0888337345924,118.05815220037148,24
230,50.088828125311856,118.05928437426694,25
230,50.08873837673397,118.06866087235872,26
230,50.088383587741134,118.06888599573854,27
220,50.085232116764345,118.02633435780375,0
220,50.08445689386624,118.02636171907852,1
220,50.084524146400135,118.02553205725462,2
220,50.08457224508461,118.02116639600895,3
220,50.084482137925676,118.02004077910617,4
220,50.08458942502999,118.01967358757251,5
220,50.08476823633685,118.01938835843475,6
220,50.084879730108206,118.01931295303052,7
220,50.084961772529056,118.01917853470123,8
220,50.08535094620212,118.01910968628866,9
220,50.085786396241865,118.01903100238859,10
220,50.08630808963126,118.01904739486775,11
220,50.08647006585905,118.0190146099094,12
220,50.08660469503441,118.01891297653849,13
220,50.0866972523731,118.01880150768004,14
220,50.0875996770584,118.01716553825773,15
220,50.08782019705702,118.01688249478289,16
220,50.08822231914941,118.01600822922754,17
220,50.08829383833112,118.01581151947737,18
220,50.08830225234546,118.01524352007364,19
220,50.08832749437967,118.01469273277314,20
220,50.08843792812307,118.01389851715679,21
220,50.08866037246226,118.01274038850262,22
220,50.089217267592,118.00985121404689,23
220,50.08968423415743,118.00659566768144,24
220,50.09040080163,118.00428651378027,25
220,50.09049194936657,118.00363518594126,26
220,50.09087056118461,118.00137302381424,27
220,50.09116082821939,117.99991737166292,28
220,50.09172873689801,117.99862892279923,29
220,50.09244807822938,117.99791093221108,30
220,50.09331744320442,117.99779618485638,31
220,50.09348921103144,117.99752734819825,32
220,50.09421483566782,117.99719294162294,33
220,50.094441985469594,117.99677985114758,34
220,50.09454925027945,117.99631758323463,35
220,50.09545923881026,117.99177249517308,36
220,50.09622759779578,117.98713123790134,37
220,50.09694126326065,117.98340795946277,38
140,50.07478374752575,118.01418659446587,0
140,50.07418740946244,118.0142123029397,1
140,50.07270949621003,118.01751400550165,2
140,50.0711796783761,118.02091119668059,3
140,50.07173362421431,118.02186975548888,4
140,50.074677680033005,118.02642015534909,5
140,50.07602354126308,118.02646422701842,6
140,50.080117461302436,118.02646422701842,7
140,50.080195716486486,118.03034837001445,8
140,50.08013961354216,118.03403777066224,9
140,50.08007790022755,118.03815119010486,10
140,50.080089179807054,118.03942129780674,11
140,50.07868922493194,118.03948006003253,12
140,50.078661277301,118.04131603141882,13
140,50.078717507253195,118.04227861103614,14
140,50.07884006378587,118.04244755243529,15
140,50.08075850405638,118.04247693354822,16
140,50.080944684504445,118.04264491506447,17
140,50.08106016826862,118.04247693354822,18
140,50.083327302619516,118.04252835049579,19
140,50.0833682311531,118.04267988568671,20
140,50.08355353883309,118.042535695774,21
140,50.08484495010819,118.04257976744334,22
140,50.08489690994266,118.04079147208498,23
140,50.08488649556131,118.03354939620841,24
140,50.08497691718419,118.02853559547779,25
140,50.08476011393888,118.02840338046974,26
140,50.08450560453007,118.02822709379234,27
140,50.084533883419994,118.02669927592163,28
140,50.08748934526163,118.02672105841118,29
140,50.090544106048505,118.02675732424171,30
140,50.09168790652077,118.02671396647801,31
140,50.09187169146312,118.02677272870382,32
140,50.09194709020994,118.02642015534903,33
140,50.091975364709405,118.02235821649079,34
140,50.09167848163292,118.0223361806561,35
140,50.091600081632336,118.02317064979684,36
140,50.0917303184931,118.02362894962364,37
140,50.09191410327279,118.02389337963969,38
140,50.09189054116094,118.02635404784498,39
140,50.09189996600707,118.027007777607,40
140,50.09271992052478,118.03220088931182,41
140,50.09272934520779,118.03235514015454,42
140,50.09333723334644,118.032369830711,43
140,50.093425840070196,118.03247178295968,44
140,50.093480957709396,118.03236248543273,45
140,50.09745794611627,118.03248000988434,46
140,50.09758360761538,118.0326738354438,47
140,50.09768411563128,118.03248735516254,48
140,50.10110008783253,118.03256080794479,49
140,50.10105966554933,118.0342972980118,50
140,50.101123645415825,118.03468359335172,51
140,50.101057684153425,118.04130903431039,52
140,50.100932826737846,118.04155754727891,53
140,50.101062395675186,118.04177178683855,54
140,50.10099643432844,118.047442341628,55
140,50.10085362857475,118.04758613446839,56
140,50.10097758821269,118.04785367720858,57
140,50.10096816515204,118.04820625056335,58
140,50.098042132281485,118.04814566442441,59
140,50.09532353097972,118.04801614360126,60
140,50.09295789320331,118.04795651110373,61
140,50.092326438354874,118.04770677164409,62
140,50.09149705218073,118.04678126658779,63
140,50.091341540674996,118.04641400267656,64
140,50.09193530916356,118.04520203176949,65
140,50.0923500002524,118.04426918143494,66
140,50.0927458383986,118.04266791078199,67
140,50.09279296176963,118.04106664012897,68
140,50.092880308835475,118.04090294094343,69
140,50.09278353709913,118.04064061399195,70
140,50.09284950975368,118.03578538508543,71
140,50.092899939654465,118.03377767665927,72
140,50.0928542220827,118.03214947236421,73
140,50.09201542022175,118.02680210981663,74
140,50.09199657057305,118.02227007315203,75
140,50.09162900094136,118.0222921089867,76
140,50.091600081632336,118.02317064979684,77
140,50.091709112511616,118.02374647407517,78
140,50.09186933525037,118.0239594871437,79
140,50.09182221097105,118.0265597156352,80
140,50.09008862581168,118.02642761279641,81
140,50.08888156427444,118.02644219118363,82
140,50.085232116764345,118.02633435780372,83
140,50.084380705899946,118.02638342895783,84
140,50.08437127957503,118.02818302212287,85
140,50.084446690122434,118.02848417853008,86
140,50.08488972469256,118.02968880415892,87
140,50.08482117837977,118.03264768842762,88
140,50.08479546236097,118.03682106931508,89
140,50.08471459301449,118.03934456258925,90
140,50.08477660987244,118.04028069535889,91
140,50.0847483311257,118.04244020715697,92
140,50.07889898508426,118.04233737326179,93
140,50.078762287561055,118.04208763380215,94
140,50.078781142415004,118.03964900143156,95
140,50.0801763810309,118.0394800600324,96
140,50.08022096278998,118.03758728882099,97
140,50.08026303993302,118.0335132113284,98
140,50.08035280438133,118.02944350516363,99
140,50.080322501645085,118.02636139312314,100
140,50.08020937604723,118.02633201201024,101
140,50.07564877809563,118.02614103477656,102
140,50.07475546288393,118.0261116536635,103
140,50.071629907182555,118.02127478795269,104
140,50.071389471382496,118.02085243445461,105
140,50.073072496667436,118.01719081325976,106
140,50.07432176295393,118.01441797072984,107
140,50.07524101358606,118.01449509615126,108
150,50.080195716486486,118.03034837001445,0
150,50.08013961354216,118.03403777066224,1
150,50.08007790022755,118.03815119010486,2
150,50.08010803413918,118.03939558933251,3
150,50.07875993070381,118.03946904211476,4
150,50.078731648407576,118.03976285324374,5
150,50.078661277301,118.04131603141882,6
150,50.07870336609465,118.0420986517192,7
150,50.07875993070381,118.04235573645708,8
150,50.07885891860926,118.04245857035224,9
150,50.08077264460872,118.0424806061869,10
150,50.080944684504445,118.04264491506447,11
150,50.08098946588919,118.04250264202157,12
150,50.083209470835385,118.04252467785626,13
150,50.0833682311531,118.04267988568671,14
150,50.08344042085976,118.04253202313448,15
150,50.08484495010819,118.04257609480378,16
150,50.08489690994266,118.04079147208498,17
150,50.08488649556131,118.03354939620841,18
150,50.08492978612733,118.02865679256806,19
150,50.08484495010819,118.02843643422132,20
150,50.08471298266883,118.02834829088258,21
150,50.08460929371161,118.02837032671727,22
150,50.08451974397711,118.02826749282214,23
150,50.08448203877571,118.02805447975359,24
150,50.08449146507885,118.0268204730119,25
150,50.08466585135244,118.02657073355225,26
150,50.087371113898676,118.026563388274,27
150,50.08748934526163,118.02672105841118,28
150,50.08762560809219,118.02659276938688,29
150,50.090544106048505,118.02675732424171,30
150,50.09169733140674,118.02668825800387,31
150,50.09182927961591,118.02684985412479,32
150,50.091918815693774,118.02648259021356,33
150,50.091965939878094,118.02233250801659,34
150,50.09165963185168,118.0223104721819,35
150,50.091600081632336,118.02317064979684,36
150,50.09173503093214,118.02354447892368,37
150,50.09189525358423,118.02391174283491,38
150,50.09184341690248,118.02651197132641,39
150,50.09187169146312,118.02693065218524,40
150,50.09271992052478,118.03219721667233,41
150,50.092725810951876,118.03234044959771,42
150,50.093098084475606,118.03235697647371,43
150,50.093399671032486,118.03236983071059,44
150,50.093425840070196,118.03247178295968,45
150,50.09345621830058,118.0323624854324,46
150,50.09638480433511,118.03246348300802,47
150,50.09750153094961,118.03248551884265,48
150,50.09758360761538,118.0326738354438,49
150,50.09764288689301,118.03247817356443,50
150,50.10116722691438,118.03255162634667,51
150,50.10105966554933,118.0342972980118,52
150,50.101035304418765,118.04135861493805,53
150,50.100932826737846,118.04155754727891,54
150,50.10102116984411,118.04195358247429,55
150,50.10095520844062,118.04755068448146,56
150,50.10085362857475,118.04758613446839,57
150,50.100922227704785,118.04817503313056,58
150,50.098042132281485,118.04814566442441,59
150,50.09532353097972,118.04801614360126,60
150,50.09310986523608,118.04799874645313,61
150,50.09267161899524,118.04788856727977,62
150,50.092219231574816,118.047668208933,63
150,50.09132858136007,118.04652234552997,64
150,50.09137099365042,118.04625057023566,65
150,50.09159902995302,118.0459551030272,66
150,50.092124983658024,118.04486965792941,67
150,50.09248312475576,118.04374583036103,68
150,50.0927517288225,118.04267341974024,69
150,50.092880308835475,118.04090294094343,70
150,50.09282241385298,118.03723056857572,71
150,50.092899939654465,118.03377767665927,72
150,50.09284126317684,118.03204480214912,73
150,50.0927148487557,118.03100406918173,74
150,50.091950624523264,118.02671947543622,75
150,50.09204016037442,118.02225354627565,76
150,50.091559492264516,118.02231230850143,77
150,50.091600081632336,118.02317064979684,78
150,50.09183281393793,118.02395765082373,79
150,50.09177626475409,118.02645504542012,80
150,50.09008862581168,118.02642761279641,81
150,50.08700233056294,118.02642566430727,82
150,50.085232116764345,118.02633435780372,83
150,50.08435596179308,118.02637424735967,84
150,50.084405449994016,118.0283170734501,85
150,50.084869693962595,118.02969431311723,86
150,50.08485555461877,118.03249286412084,87
150,50.08482117837977,118.03264768842762,88
150,50.08484141527077,118.03278667524984,89
150,50.08481078000248,118.03550810083209,90
150,50.084787214398155,118.03930560967424,91
150,50.08471459301449,118.03934456258925,92
150,50.08479428408067,118.03949291426898,93
150,50.0847471528442,118.04236124541573,94
150,50.07887895185092,118.04237593597219,95
150,50.07874696798673,118.04198663622627,96
150,50.07876582284673,118.04081139171033,97
150,50.07886481073999,118.0396655283073,98
150,50.080170489061295,118.03951862274279,99
150,50.08022096278998,118.03758728882099,100
150,50.08026303993302,118.0335132113284,101
150,50.08035280438133,118.02944350516363,102
210,50.105903940216855,117.9841816844801,0
210,50.10620813430206,117.98453029787143,1
210,50.10771085277141,117.98715309454046,2
210,50.10872011482796,117.99148945169993,3
210,50.10863040350639,117.99253857036751,4
210,50.108249128514984,117.99372757152416,5
210,50.10819866542102,117.99444884060813,6
210,50.10802064241456,117.99531982766793,7
210,50.10817904087013,117.99758308262766,8
210,50.10803746351431,118.00107249502868,9
210,50.10801783889735,118.00585909894966,10
210,50.10813979174421,118.0097091458941,11
210,50.10794494739254,118.01371874630118,12
210,50.10798279491884,118.02560329370846,13
210,50.10776832520928,118.03041393993148,14
210,50.1078818681165,118.03256244753696,15
210,50.10901447892149,118.03278975658162,16
210,50.109530312588724,118.03312197749304,17
210,50.11184028216275,118.03522021482827,18
210,50.11419499082488,118.03712611374108,19
210,50.11476426408856,118.03759989834623,20
210,50.115159266667135,118.03747581996362,21
210,50.11573109549397,118.03754576120815,22
210,50.119857030487445,118.03772061431938,23
210,50.11980097397078,118.04814185975101,24
210,50.119744917388495,118.05039746488636,25
210,50.11959916996734,118.05092202422017,26
210,50.11928525093779,118.05146406886512,27
210,50.118848003144876,118.05197114288778,28
210,50.118679829853484,118.05239079035483,29
210,50.118590137189855,118.05726919215924,30
210,50.12123600012884,118.057374104026,31
210,50.125417510723345,118.05746153058165,32
210,50.131941282883005,118.05760141307069,33
210,50.13537095072693,118.05760141307069,34
210,50.13588650045547,118.0577937514931,35
210,50.13727621553143,118.05880789953844,36
210,50.138071921312765,118.0593674294945,37
210,50.13891244121559,118.0596821650948,38
210,50.13996587197484,118.05950731198352,39
210,50.1431484367622,118.05851064924931,40
210,50.14457155743205,118.05859807580494,41
210,50.148360269716406,118.06111377494267,42
120,50.08442851722286,118.0193566663073,0
120,50.08446151692254,118.02656736696925,1
120,50.08445090748972,118.02813728766223,2
120,50.08441792022777,118.02841011364387,3
120,50.08473134423233,118.02922911216594,4
120,50.08490101652261,118.02974695428078,5
120,50.08489304026004,118.03048938581088,6
120,50.08482117837977,118.03264768842762,7
120,50.084801544251334,118.03407492694835,8
120,50.08471459301449,118.03934456258925,9
120,50.0848015182802,118.04034373478952,10
120,50.08479570075911,118.04253457951334,11
120,50.0863690028332,118.04260217319313,12
120,50.086863434418696,118.04269190683816,13
120,50.08774519725839,118.04260217319313,14
120,50.08831693791295,118.04260217319313,15
120,50.08988586559999,118.0446848680296,16
120,50.09012104711074,118.0451158080931,17
120,50.0908132493988,118.04600572763106,18
120,50.09093813126696,118.04635095570762,19
120,50.09097610713499,118.04660177621247,20
120,50.091093644081816,118.0466778205886,21
120,50.091222072832686,118.04663286121001,22
120,50.09134370489662,118.04620681865231,23
120,50.09159902995302,118.0459551030272,24
120,50.09183542351795,118.04540686566821,25
120,50.09209062910247,118.04490853430113,26
120,50.092309375664584,118.04437814653018,27
120,50.09258748149731,118.0433326706357,28
120,50.09271707348545,118.04260486381305,29
120,50.092776312100696,118.04180343446679,30
120,50.092880308835475,118.04090294094343,31
120,50.092801895570865,118.04040128034566,32
120,50.09285073275835,118.03477911547411,33
120,50.092899939654465,118.03377767665927,34
120,50.092810847870346,118.03223014567426,35
120,50.0927148487557,118.03100406918173,36
120,50.09257805918748,118.0306540961415,37
120,50.09226792625967,118.0287213698079,38
120,50.09195926395522,118.02675467156321,39
120,50.09195133430132,118.02671327992677,40
120,50.09184380960525,118.02656920328806,41
120,50.09008862581168,118.02642761279641,42
120,50.085232116764345,118.02633435780375,43
120,50.08450953215508,118.02637271709551,44
120,50.08457224508461,118.02116639600895,45
120,50.0927148487557,118.03100406918173,46
120,50.09197811361859,118.02674916260452,47
120,50.09195133430132,118.02671327992677,48
120,50.09190860544815,118.02649024154712,49
120,50.09203477378385,118.02324496236912,50
120,50.091959962351055,118.01583799029474,51
120,50.09203318978742,118.01505900349369,52
120,50.09197325755347,118.01341336048513,53
120,50.09172511517513,118.01283445116847,54
120,50.09130570619784,118.01256267587416,55
120,50.090806180604055,118.0127242719951,56
120,50.090481014919675,118.01304746423699,57
120,50.08951573781369,118.01408820444904,58
120,50.08849542368523,118.01542028563988,59
120,50.08828752781902,118.0157284642489,60
120,50.08833170138376,118.01462579681595,61
120,50.088471233487475,118.01366082620811,62
120,50.08866896170257,118.01267946312115,63
120,50.08934067060985,118.00919551487911,64
120,50.08969545251713,118.00656834688229,65
120,50.08985927403319,118.00605657772945,66
120,50.08991981916603,118.00568752433426,67
120,50.09040080163,118.00428651378027,68
120,50.09094347867238,118.00096211900224,69
120,50.091401560518015,117.99928004826153,70
120,50.09174723861047,117.99867907164207,71
120,50.092399000703665,117.99800273009406,72
120,50.09331744320442,117.99779618485638,73
120,50.0941440264042,117.99724321189197,74
120,50.094344535531874,117.9969842107209,75
120,50.094438480079276,117.99675362318045,76
120,50.09464509765254,117.99555883406153,77
120,50.09545923881026,117.99177249517308,78
120,50.09648558452723,117.98550619679799,79
120,50.09694126326065,117.98340795946277,80
120,50.097090368105924,117.98216364279858,81
120,50.09745056713438,117.97915769317491,82
120,50.09764997193264,117.97820441991644,83
120,50.0979956049503,117.97785212327743,84
120,50.09888626315807,117.97752054997012,85
120,50.101558138435415,117.9770853600043,86
120,50.10199014407439,117.9772096999945,87
120,50.10246655298723,117.97825853533587,88
120,50.103605146033004,117.97993481811389,89
120,50.10493230262078,117.98238664991115,90
120,50.105903940216855,117.9841816844801,91
120,50.10765238085449,117.98701183589152,92
120,50.10800458708483,117.98817234246708,93
120,50.10866247480384,117.99126011889128,94
120,50.10868241065424,117.99213049882295,95
120,50.10831691874487,117.99305268708385,96
120,50.108190657255236,117.99365366370334,97
120,50.10802064241456,117.99531982766793,98
120,50.108164075846574,117.99713518343,99
120,50.10803746351431,118.00107249502868,100
120,50.10801783889735,118.00585909894966,101
120,50.10806717173088,118.00879684506891,102
120,50.10794494739254,118.01371874630118,103
120,50.10802729950172,118.02338607059,104
120,50.10776832520928,118.03041393993148,105
120,50.10793653682717,118.0325897683348,106
120,50.102441318400565,118.03225426892752,107
120,50.09876814233109,118.0321417072371,108
120,50.09488481802657,118.03219906067675,109
120,50.092953573578214,118.03215528737793,110
120,50.092811025716685,118.0321277425846,111
120,50.0927148487557,118.03100406918173,112
130,50.08445443958159,118.0193566663073,0
130,50.08444826117468,118.02639291661059,1
130,50.084397594727854,118.02839450492684,2
130,50.08489127423027,118.02971072281197,3
130,50.08489968884203,118.02981587753055,4
130,50.08482117837977,118.03264768842762,5
130,50.08471459301449,118.03934456258925,6
130,50.08476875466708,118.04255069238539,7
130,50.086863434418696,118.04269190683816,8
130,50.08824691385739,118.04264067204333,9
130,50.09012104711074,118.0451158080931,10
130,50.09077996714753,118.04596441044002,11
130,50.090935480475665,118.04634820122753,12
130,50.09094372738049,118.04647674359647,13
130,50.091002698082114,118.04661213787838,14
130,50.09108628079673,118.04667506610853,15
130,50.09123536823986,118.04664322287593,16
130,50.09129456117635,118.04639284136103,17
130,50.0912582868336,118.04625822156902,18
130,50.09112162455331,118.04614804239564,19
130,50.09099203065165,118.0461002980872,20
130,50.09081531113006,118.04597175571824,21
130,50.09053735437762,118.04556820004377,22
130,50.0896167291784,118.04418046537361,23
130,50.088346346249494,118.04254228158378,24
130,50.08481235014915,118.04241480473826,25
130,50.08489690994266,118.04079147208498,26
130,50.08488649556131,118.03354939620841,27
130,50.08496066374644,118.02914538563785,28
130,50.08487641880108,118.02860356262583,29
130,50.0847766899264,118.02843777597221,30
130,50.084543053448094,118.02836305864699,31
130,50.08445886577306,118.02799969622231,32
130,50.084524146400135,118.02553205725462,33
130,50.08457224508461,118.02116639600895,34
130,50.09129456117635,118.04639284136103,35
130,50.09133716107868,118.04621264708933,36
130,50.09159902995302,118.0459551030272,37
130,50.0920055607253,118.04508193030313,38
130,50.092073802402474,118.04492747672151,39
130,50.09213550027353,118.04480799376216,40
130,50.09231077788291,118.04437596086629,41
130,50.09258981851428,118.04332684219865,42
130,50.092759953043206,118.04202710073828,43
130,50.092880308835475,118.04090294094343,44
130,50.092799244882656,118.04043708857621,45
130,50.092844085279346,118.03755604192283,46
130,50.092899939654465,118.03377767665927,47
130,50.09280420038581,118.03221978400852,48
130,50.0927148487557,118.03100406918173,49
130,50.09195331474846,118.02675918610394,50
130,50.09203477378385,118.02324496236912,51
130,50.09203318978742,118.01505900349369,52
130,50.091949990946816,118.01367758296448,53
130,50.09192340052536,118.01337709465474,54
130,50.091684086068234,118.01287973469378,55
130,50.091245339792806,118.01268286304257,56
130,50.09077335067819,118.01284864969622,57
130,50.08983953809512,118.01378759471342,58
130,50.08929895201139,118.01435696015695,59
130,50.08843992774376,118.01553232115214,60
130,50.08829313716283,118.0157284642489,61
130,50.08833240255114,118.0146323538076,62
130,50.088467026495316,118.01368486851091,63
130,50.089064844170075,118.01056908320852,64
130,50.08933786599933,118.00921955718191,65
130,50.08970807316902,118.0064874773183,66
130,50.08996896415117,118.00556439860149,67
130,50.09040080163,118.00428651378027,68
130,50.090454256812045,118.00365785208453,69
130,50.09072016851471,118.0023522821871,70
130,50.090999374214526,118.00068405398474,71
130,50.091285225983825,117.9996582490653,72
130,50.0914115320364,117.99927486742872,73
130,50.091783800570596,117.9986635291434,74
130,50.092384978544324,117.99801147274961,75
130,50.09331744320442,117.99779618485638,76
130,50.09415454263804,117.99724321189197,77
130,50.094344535531874,117.99698202505701,78
130,50.09442936606408,117.99678094397906,79
130,50.09446370615724,117.99654294946613,80
130,50.09498218887812,117.99367276802482,81
130,50.09545923881026,117.99177249517308,82
130,50.0959738163547,117.98843935773958,83
130,50.09633976595968,117.98646570324608,84
130,50.09694126326065,117.98340795946277,85
130,50.09702950964179,117.98209733583947,86
130,50.09706837228463,117.9815201529895,87
130,50.0976001208109,117.97834948323846,88
130,50.09791916709385,117.97791429327265,89
130,50.09887629319517,117.97746874164098,90
130,50.100657560308335,117.97720969999466,91
130,50.10157475410897,117.97707499833855,92
130,50.10196023611723,117.97719933832879,93
130,50.10246655298723,117.97825853533587,94
130,50.104955327659674,117.98233845669029,95
130,50.105043980512754,117.98248378791388,96
130,50.105903940216855,117.9841816844801,97
130,50.10764241271593,117.98704292088922,98
130,50.108406630653654,117.99005816565246,99
130,50.10871895969178,117.99151916053775,100
130,50.10869237857634,117.9921201371572,101
130,50.10854618217773,117.99256568878891,102
130,50.10829366007443,117.99308377208155,103
130,50.108187334579966,117.99365366370347,104
130,50.10802064241456,117.99531982766793,105
130,50.10803746351431,118.00107249502868,106
130,50.10801783889735,118.00585909894966,107
130,50.10794494739254,118.01371874630118,108
130,50.10803449126812,118.01954746667028,109
130,50.10793583594664,118.03258648983896,110
130,50.102441318400565,118.03225426892752,111
130,50.10116997529622,118.03232055613766,112
130,50.10105966554934,118.03429729801182,113
130,50.10109622040391,118.04080960500079,114
130,50.100932826737846,118.04155754727891,115
130,50.10086372610604,118.04753997261919,116
130,50.10097109335124,118.04819268526424,117
130,50.098042132281485,118.04814566442444,118
130,50.097312204451825,118.0481106419183,119
130,50.09532353097972,118.04801614360126,120
130,50.09336472164629,118.04799905250825,121
130,50.09277097086929,118.04793294500422,122
130,50.09219134991913,118.04766116970991,123
130,50.09150333546365,118.04691195133101,124
130,50.09135724893119,118.04662548548025,125
130,50.09129456117635,118.04639284136103,126
110,50.08445443958159,118.0193566663073,0
110,50.08449817516807,118.02118112900256,1
110,50.08445916034544,118.02656644880943,2
110,50.08748934526163,118.02672105841118,3
110,50.09039235976223,118.02665000134886,4
110,50.09054410604851,118.02675732424171,5
110,50.09067982572229,118.0266646919053,6
110,50.091758985823994,118.02669407301822,7
110,50.09187208416572,118.0267711984396,8
110,50.092298556761655,118.02955873152584,9
110,50.092676724037894,118.03207999827659,10
110,50.09271677896391,118.03254825976335,11
110,50.09267672403781,118.03434050765016,12
110,50.09262149806634,118.03487309902121,13
110,50.092669655517966,118.03584628968622,14
110,50.092603682615774,118.04211915729007,15
110,50.09241043914734,118.04282567756337,16
110,50.092434037593094,118.04318422263265,17
110,50.09216543174559,118.04415379935831,18
110,50.091793150976244,118.04498381579769,19
110,50.091128693301684,118.04610029808785,20
110,50.09099792129134,118.04621414990034,21
110,50.09093665860517,118.0463665644235,22
110,50.09094254925149,118.04650061575107,23
110,50.09102855260504,118.04664384867645,24
110,50.091172283892504,118.04665670291337,25
110,50.09149508865532,118.0469486777228,26
110,50.092063000073395,118.04771047445857,27
110,50.092823984630805,118.04810188640411,28
110,50.09563262178473,118.04820783441953,29
110,50.09919533097974,118.04831663191102,30
110,50.10064911719442,118.04830173069507,31
110,50.10106985558422,118.0483148994726,32
110,50.10108957406879,118.04670021203795,33
110,50.10123579322832,118.0338051188838,34
110,50.10120648949225,118.0324858248984,35
110,50.1080282663538,118.03264742101933,36
110,50.10805120852913,118.03001088731959,37
110,50.10806449926662,118.01850684780626,38
110,50.10824724653313,118.01283642616812,39
110,50.10822066515589,118.00559880256978,40
110,50.10827382789563,118.00088424460667,41
110,50.10826262989065,117.9967785911289,42
110,50.10827382789563,117.99505062673138,43
110,50.10819408376388,117.99361812642726,44
110,50.108326990576344,117.99300678814193,45
110,50.10855957661067,117.99254051317854,46
110,50.108712418246775,117.9920638765493,47
110,50.108712418246775,117.99159760158591,48
110,50.10857951250391,117.99081011498109,49
110,50.108227310501576,117.98914188677873,50
110,50.10784187892709,117.9875565519032,51
110,50.10764916197665,117.98702810694472,52
110,50.10583492646679,117.98374604928566,53
110,50.10539298689527,117.983059588923,54
110,50.10496792193267,117.98231209588444,55
110,50.10367835567277,117.98004434415977,56
110,50.10232355682033,117.97753289492412,57
110,50.10201350965296,117.9772156093819,58
110,50.10187726220772,117.97711717355632,59
110,50.101618058681055,117.9770394610624,60
110,50.10052805927068,117.97722079021483,61
110,50.09886975040587,117.97749019352702,62
110,50.097826216003526,117.97794610682453,63
110,50.09764010556893,117.978194786805,64
110,50.09719476695144,117.98062977828049,65
110,50.09688467239411,117.98193953170164,66
110,50.09679264225232,117.98232824150067,67
110,50.096423723139566,117.98589350453382,68
110,50.09501454204302,117.99307672938642,69
110,50.09446947031459,117.99662819035758,70
110,50.094340329055285,117.99699076771256,71
110,50.09414683073345,117.9972486760517,72
110,50.0929306063015,117.9976255006959,73
110,50.092396196272134,117.99800491575796,74
110,50.091704132854645,117.99874197019162,75
110,50.0913850451862,117.9993015001477,76
110,50.09097288713651,118.00081430336222,77
110,50.09013194076624,118.00451082765527,78
110,50.089882645528256,118.00589151963021,79
110,50.08969124563243,118.00655304723504,80
110,50.08935081135303,118.0091658060398,81
110,50.088473272060725,118.01364204568833,82
110,50.0883359083878,118.01462361115203,83
110,50.08828472314687,118.01572627858499,84
110,50.08848656823049,118.01544497554674,85
110,50.08930386008368,118.01434493900555,86
110,50.089888618241766,118.01374169577173,87
110,50.09080669337167,118.01283383575178,88
110,50.09127868215789,118.01266804909812,89
110,50.09164430407864,118.01283383575178,90
110,50.09192350439422,118.01325866405175,91
110,50.09198333282163,118.0139736189956,92
110,50.09183285275872,118.01423128448323,93
110,50.091996628017576,118.01578691051989,94
110,50.0919633900208,118.0207294251318,95
110,50.091886221439694,118.02658756648397,96
110,50.085232116764345,118.02633435780375,97
110,50.08452956303564,118.02638189869366,98
110,50.08457224508461,118.02116639600895,99
100,50.08445443958159,118.0193566663073,0
100,50.08449817516807,118.02118112900256,1
100,50.08445916034544,118.02656644880943,2
100,50.084510585311214,118.02656907267355,3
100,50.084524146400135,118.02553205725462,4
100,50.08457224508461,118.02116639600895,5
100,50.084510585311214,118.02656907267355,6
100,50.08748934526163,118.02672105841118,7
100,50.0891546960115,118.02662003216923,8
100,50.09054410604851,118.02675732424171,9
100,50.091727399580684,118.026708106329,10
100,50.09188361873444,118.0267909996558,11
100,50.09223594091389,118.02924153363004,12
100,50.092676724037894,118.03207999827659,13
100,50.09269723310315,118.03212068080789,14
100,50.09270028576325,118.03256478663945,15
100,50.09262149806634,118.03487309902121,16
100,50.092661383111924,118.03676928387235,17
100,50.09262814557622,118.03952548698928,18
100,50.09259490801747,118.04173252181599,19
100,50.09241043914734,118.04282567756337,20
100,50.09231404972552,118.04377490329638,21
100,50.09213257897454,118.04432131926876,22
100,50.09167089465497,118.04518295654505,23
100,50.09116567118165,118.04616731480111,24
100,50.09101942128738,118.04615695313527,25
100,50.09077345454955,118.04589791148895,26
100,50.0896167291784,118.04418046537361,27
100,50.08859293745584,118.04289302839156,28
100,50.08834695826396,118.04262362507937,29
100,50.08766219872946,118.04256145508425,30
100,50.0864954257236,118.042409915721,31
100,50.08487715639309,118.042458876408,32
100,50.08489690994266,118.04079147208498,33
100,50.08488649556131,118.03354939620841,34
100,50.08493371371786,118.02857630056339,35
100,50.08482295556085,118.02842939499887,36
100,50.08456608991389,118.02840368652508,37
100,50.084488322978686,118.02827147151702,38
100,50.084510585311214,118.02656907267355,39
100,50.09269723310315,118.03212068080789,40
100,50.09277106681619,118.03226714005913,41
100,50.09280277913345,118.03231321086037,42
100,50.09284751288585,118.03232412922135,43
100,50.093425840070196,118.03247178295968,44
100,50.09399086563579,118.03236557588474,45
100,50.09594181445603,118.03239666088228,46
100,50.09758360761538,118.0326738354438,47
100,50.101176768200425,118.03249469195555,48
100,50.10793823711151,118.03258835170058,49
100,50.10805120852913,118.03001088731959,50
100,50.10806449926662,118.01850684780626,51
100,50.10824724653313,118.01283642616812,52
100,50.10822066515589,118.00559880256978,53
100,50.10827382789563,118.00088424460667,54
100,50.10826262989065,117.9967785911289,55
100,50.10827382789563,117.99505062673138,56
100,50.10819408376388,117.99361812642726,57
100,50.108326990576344,117.99300678814193,58
100,50.10855957661067,117.99254051317854,59
100,50.108712418246775,117.9920638765493,60
100,50.108712418246775,117.99159760158591,61
100,50.10857951250391,117.99081011498109,62
100,50.108227310501576,117.98914188677873,63
100,50.10784187892709,117.9875565519032,64
100,50.10764916197665,117.98702810694472,65
100,50.10583492646679,117.98374604928566,66
100,50.10539298689527,117.983059588923,67
100,50.10496792193267,117.98231209588444,68
100,50.10367835567277,117.98004434415977,69
100,50.10232355682033,117.97753289492412,70
100,50.10201350965296,117.9772156093819,71
100,50.10187726220772,117.97711717355632,72
100,50.101618058681055,117.9770394610624,73
100,50.10052805927068,117.97722079021483,74
100,50.09886975040587,117.97749019352702,75
100,50.097826216003526,117.97794610682453,76
100,50.09764010556893,117.978194786805,77
100,50.09719476695144,117.98062977828049,78
100,50.09688467239411,117.98193953170164,79
100,50.09679264225232,117.98232824150067,80
100,50.096423723139566,117.98589350453382,81
100,50.09501454204302,117.99307672938642,82
100,50.09446947031459,117.99662819035758,83
100,50.094340329055285,117.99699076771256,84
100,50.09414683073345,117.9972486760517,85
100,50.0929306063015,117.9976255006959,86
100,50.092396196272134,117.99800491575796,87
100,50.091704132854645,117.99874197019162,88
100,50.0913850451862,117.9993015001477,89
100,50.09097288713651,118.00081430336222,90
100,50.09013194076624,118.00451082765527,91
100,50.089882645528256,118.00589151963021,92
100,50.08969124563243,118.00655304723504,93
100,50.08935081135303,118.0091658060398,94
100,50.088473272060725,118.01364204568833,95
100,50.0883359083878,118.01462361115203,96
100,50.08828472314687,118.01572627858499,97
100,50.08848656823049,118.01544497554674,98
100,50.08930386008368,118.01434493900555,99
100,50.089888618241766,118.01374169577173,100
100,50.09080669337167,118.01283383575178,101
100,50.09127868215789,118.01266804909812,102
100,50.09164430407864,118.01283383575178,103
100,50.09192350439422,118.01325866405175,104
100,50.09198333282163,118.0139736189956,105
100,50.09183285275872,118.01423128448323,106
100,50.091996628017576,118.01578691051989,107
100,50.0919633900208,118.0207294251318,108
100,50.09180493205771,118.02613766819294,109
100,50.09218192513058,118.02859099111987,110
100,50.09269675150513,118.03205061716369,111
100,50.09269723310315,118.03212068080789,112
240,50.148360269716406,118.06111377494267,0
240,50.14452802663963,118.0586112580893,1
240,50.14250705125387,118.05867764762998,2
240,50.13857122255876,118.05973988028094,3
240,50.13576275764375,118.05754902543835,4
240,50.12908135281174,118.05758222020867,5
240,50.10089854427545,118.0570179091129,6
240,50.10108957406879,118.04670021203795,7
240,50.10123579322832,118.0338051188838,8
240,50.10119390093056,118.0323553696944,9
240,50.09876814233109,118.0321417072371,10
240,50.09267898292918,118.03212183135615,11
240,50.09259460939903,118.03488799391718,12
